{
 "cells": [
  {
   "cell_type": "markdown",
   "metadata": {},
   "source": [
    "# Question: The question I am trying to answer is what authors are the most positive in their writing, and for the most positive author, what words do they use the most?"
   ]
  },
  {
   "cell_type": "code",
   "execution_count": 2,
   "metadata": {},
   "outputs": [
    {
     "name": "stderr",
     "output_type": "stream",
     "text": [
      "[nltk_data] Downloading package punkt to\n",
      "[nltk_data]     C:\\Users\\david\\AppData\\Roaming\\nltk_data...\n",
      "[nltk_data]   Package punkt is already up-to-date!\n"
     ]
    }
   ],
   "source": [
    "import os\n",
    "import nltk\n",
    "from nltk.corpus import stopwords\n",
    "from sklearn.feature_extraction.text import CountVectorizer\n",
    "import string\n",
    "from nltk.stem import PorterStemmer\n",
    "from nltk.tokenize import word_tokenize, sent_tokenize\n",
    "import string\n",
    "from nltk.text import Text\n",
    "import matplotlib.pyplot as plt\n",
    "data_dir = \"./data/\"\n",
    "nltk.data.path.append(os.path.abspath(data_dir))\n",
    "nltk.download('punkt') # for tokenizing\n",
    "import pandas as pd\n",
    "\n"
   ]
  },
  {
   "cell_type": "code",
   "execution_count": 3,
   "metadata": {},
   "outputs": [],
   "source": [
    "# Helper function to read data from a labeled directory\n",
    "def read_data_from_directory(directory_path):\n",
    "    authors = os.listdir(directory_path)\n",
    "    texts = []\n",
    "    labels = []\n",
    "    for author in authors:\n",
    "        author_path = os.path.join(directory_path, author)\n",
    "        for file_name in os.listdir(author_path):\n",
    "            file_path = os.path.join(author_path, file_name)\n",
    "            with open(file_path, 'r', encoding='utf-8') as f:\n",
    "                texts.append(f.read())\n",
    "                labels.append(author)\n",
    "    return texts, labels\n",
    "\n",
    "# Reading the training and test data\n",
    "train_texts, train_labels = read_data_from_directory(\"./data/ReutersC50/C50train\")\n",
    "test_texts, test_labels = read_data_from_directory(\"./data/ReutersC50/C50test\")"
   ]
  },
  {
   "cell_type": "code",
   "execution_count": 4,
   "metadata": {},
   "outputs": [
    {
     "name": "stderr",
     "output_type": "stream",
     "text": [
      "[nltk_data] Downloading package vader_lexicon to ./data/...\n",
      "[nltk_data]   Package vader_lexicon is already up-to-date!\n"
     ]
    }
   ],
   "source": [
    "from nltk.sentiment import SentimentIntensityAnalyzer\n",
    "nltk.download('vader_lexicon', download_dir=data_dir)\n",
    "sia = SentimentIntensityAnalyzer()"
   ]
  },
  {
   "cell_type": "code",
   "execution_count": 16,
   "metadata": {},
   "outputs": [
    {
     "name": "stderr",
     "output_type": "stream",
     "text": [
      "Processing AaronPressman's texts: 100%|██████████| 50/50 [00:00<00:00, 54.85it/s]\n",
      "Processing AlanCrosby's texts: 100%|██████████| 50/50 [00:00<00:00, 55.05it/s]\n",
      "Processing AlexanderSmith's texts: 100%|██████████| 50/50 [00:00<00:00, 56.27it/s]\n",
      "Processing BradDorfman's texts: 100%|██████████| 50/50 [00:00<00:00, 61.38it/s]\n",
      "Processing BernardHickey's texts: 100%|██████████| 50/50 [00:00<00:00, 58.71it/s]\n",
      "Processing DarrenSchuettler's texts: 100%|██████████| 50/50 [00:00<00:00, 53.35it/s]\n",
      "Processing DavidLawder's texts: 100%|██████████| 50/50 [00:00<00:00, 55.27it/s]\n",
      "Processing EdnaFernandes's texts: 100%|██████████| 50/50 [00:00<00:00, 60.33it/s]\n",
      "Processing EricAuchard's texts: 100%|██████████| 50/50 [00:00<00:00, 56.26it/s]\n",
      "Processing FumikoFujisaki's texts: 100%|██████████| 50/50 [00:00<00:00, 56.01it/s]\n",
      "Processing GrahamEarnshaw's texts: 100%|██████████| 50/50 [00:00<00:00, 56.30it/s]\n",
      "Processing HeatherScoffield's texts: 100%|██████████| 50/50 [00:00<00:00, 51.84it/s]\n",
      "Processing JaneMacartney's texts: 100%|██████████| 50/50 [00:00<00:00, 52.71it/s]\n",
      "Processing JanLopatka's texts: 100%|██████████| 50/50 [00:00<00:00, 62.94it/s]\n",
      "Processing JimGilchrist's texts: 100%|██████████| 50/50 [00:00<00:00, 65.22it/s]\n",
      "Processing JoeOrtiz's texts: 100%|██████████| 50/50 [00:00<00:00, 56.80it/s]\n",
      "Processing JohnMastrini's texts: 100%|██████████| 50/50 [00:00<00:00, 56.66it/s]\n",
      "Processing JonathanBirt's texts: 100%|██████████| 50/50 [00:00<00:00, 61.67it/s]\n",
      "Processing JoWinterbottom's texts: 100%|██████████| 50/50 [00:00<00:00, 56.94it/s]"
     ]
    },
    {
     "name": "stdout",
     "output_type": "stream",
     "text": [
      "AaronPressman: Average Compound Sentiment Score: 0.67\n",
      "AlanCrosby: Average Compound Sentiment Score: 0.55\n",
      "AlexanderSmith: Average Compound Sentiment Score: 0.82\n",
      "BradDorfman: Average Compound Sentiment Score: 0.68\n",
      "BernardHickey: Average Compound Sentiment Score: 0.79\n",
      "DarrenSchuettler: Average Compound Sentiment Score: 0.67\n",
      "DavidLawder: Average Compound Sentiment Score: 0.50\n",
      "EdnaFernandes: Average Compound Sentiment Score: 0.40\n",
      "EricAuchard: Average Compound Sentiment Score: 0.83\n",
      "FumikoFujisaki: Average Compound Sentiment Score: 0.19\n",
      "GrahamEarnshaw: Average Compound Sentiment Score: 0.77\n",
      "HeatherScoffield: Average Compound Sentiment Score: 0.55\n",
      "JaneMacartney: Average Compound Sentiment Score: 0.34\n",
      "JanLopatka: Average Compound Sentiment Score: 0.19\n",
      "JimGilchrist: Average Compound Sentiment Score: 0.66\n",
      "JoeOrtiz: Average Compound Sentiment Score: 0.47\n",
      "JohnMastrini: Average Compound Sentiment Score: 0.30\n",
      "JonathanBirt: Average Compound Sentiment Score: 0.64\n",
      "JoWinterbottom: Average Compound Sentiment Score: 0.88\n"
     ]
    },
    {
     "name": "stderr",
     "output_type": "stream",
     "text": [
      "\n"
     ]
    }
   ],
   "source": [
    "from tqdm import tqdm\n",
    "def get_sentiment_scores(text):\n",
    "    sia = SentimentIntensityAnalyzer()\n",
    "    sentiment_scores = sia.polarity_scores(text)\n",
    "    return sentiment_scores\n",
    "\n",
    "\n",
    "author_names = [\n",
    "    \"AaronPressman\",\n",
    "    \"AlanCrosby\",\n",
    "    \"AlexanderSmith\",\n",
    "    \"BradDorfman\",\n",
    "    \"BernardHickey\",\n",
    "    \"DarrenSchuettler\",\n",
    "    \"DavidLawder\",\n",
    "    \"EdnaFernandes\",\n",
    "    \"EricAuchard\",\n",
    "    \"FumikoFujisaki\",\n",
    "    \"GrahamEarnshaw\",\n",
    "    \"HeatherScoffield\",\n",
    "    \"JaneMacartney\",\n",
    "    \"JanLopatka\",\n",
    "    \"JimGilchrist\",\n",
    "    \"JoeOrtiz\",\n",
    "    \"JohnMastrini\",\n",
    "    \"JonathanBirt\",\n",
    "    \"JoWinterbottom\"\n",
    "]\n",
    "\n",
    "\n",
    "author_sentiment_scores = {}\n",
    "\n",
    "\n",
    "for author in author_names:\n",
    "    author_indices = [index for index, label in enumerate(train_labels) if label == author]\n",
    "    sentiment_scores_list = []\n",
    "    \n",
    "    for index in tqdm(author_indices, desc=f\"Processing {author}'s texts\"):\n",
    "        text = train_texts[index]\n",
    "        sentiment_scores = get_sentiment_scores(text)\n",
    "        sentiment_scores['document'] = author\n",
    "        sentiment_scores_list.append(sentiment_scores)\n",
    "    \n",
    "    author_sentiment_scores[author] = pd.DataFrame(sentiment_scores_list)\n",
    "\n",
    "\n",
    "for author, sentiment_df in author_sentiment_scores.items():\n",
    "    average_compound_score = sentiment_df['compound'].mean()\n",
    "    print(f\"{author}: Average Compound Sentiment Score: {average_compound_score:.2f}\")"
   ]
  },
  {
   "cell_type": "code",
   "execution_count": 26,
   "metadata": {},
   "outputs": [
    {
     "data": {
      "text/plain": [
       "{'AaronPressman':       neg    neu    pos  compound       document\n",
       " 0   0.175  0.732  0.093   -0.9899  AaronPressman\n",
       " 1   0.062  0.875  0.063   -0.6586  AaronPressman\n",
       " 2   0.000  0.900  0.100    0.8271  AaronPressman\n",
       " 3   0.025  0.892  0.083    0.9559  AaronPressman\n",
       " 4   0.017  0.887  0.096    0.9493  AaronPressman\n",
       " 5   0.043  0.957  0.000   -0.2732  AaronPressman\n",
       " 6   0.053  0.842  0.105    0.9781  AaronPressman\n",
       " 7   0.116  0.779  0.104   -0.9337  AaronPressman\n",
       " 8   0.109  0.777  0.114    0.7750  AaronPressman\n",
       " 9   0.008  0.945  0.047    0.8805  AaronPressman\n",
       " 10  0.061  0.808  0.130    0.9839  AaronPressman\n",
       " 11  0.008  0.945  0.047    0.8805  AaronPressman\n",
       " 12  0.052  0.861  0.087    0.9001  AaronPressman\n",
       " 13  0.058  0.841  0.101    0.9765  AaronPressman\n",
       " 14  0.043  0.837  0.119    0.9879  AaronPressman\n",
       " 15  0.055  0.868  0.077    0.7430  AaronPressman\n",
       " 16  0.035  0.878  0.087    0.9681  AaronPressman\n",
       " 17  0.035  0.798  0.167    0.9958  AaronPressman\n",
       " 18  0.050  0.867  0.082    0.7638  AaronPressman\n",
       " 19  0.019  0.853  0.129    0.9933  AaronPressman\n",
       " 20  0.064  0.836  0.100    0.9480  AaronPressman\n",
       " 21  0.027  0.883  0.090    0.9711  AaronPressman\n",
       " 22  0.033  0.867  0.100    0.9674  AaronPressman\n",
       " 23  0.022  0.853  0.124    0.9936  AaronPressman\n",
       " 24  0.024  0.856  0.120    0.9847  AaronPressman\n",
       " 25  0.076  0.862  0.062   -0.4310  AaronPressman\n",
       " 26  0.030  0.936  0.034    0.3058  AaronPressman\n",
       " 27  0.043  0.851  0.106    0.9853  AaronPressman\n",
       " 28  0.024  0.866  0.111    0.9873  AaronPressman\n",
       " 29  0.036  0.896  0.068    0.9136  AaronPressman\n",
       " 30  0.056  0.788  0.156    0.9915  AaronPressman\n",
       " 31  0.045  0.879  0.076    0.9390  AaronPressman\n",
       " 32  0.044  0.880  0.076    0.9390  AaronPressman\n",
       " 33  0.021  0.852  0.127    0.9952  AaronPressman\n",
       " 34  0.045  0.847  0.108    0.9497  AaronPressman\n",
       " 35  0.063  0.813  0.124    0.9755  AaronPressman\n",
       " 36  0.057  0.792  0.151    0.9959  AaronPressman\n",
       " 37  0.055  0.801  0.144    0.9952  AaronPressman\n",
       " 38  0.044  0.848  0.107    0.9863  AaronPressman\n",
       " 39  0.026  0.922  0.052    0.8217  AaronPressman\n",
       " 40  0.044  0.846  0.111    0.9847  AaronPressman\n",
       " 41  0.105  0.790  0.105    0.2871  AaronPressman\n",
       " 42  0.016  0.918  0.066    0.9606  AaronPressman\n",
       " 43  0.098  0.797  0.105    0.7194  AaronPressman\n",
       " 44  0.105  0.790  0.105    0.2871  AaronPressman\n",
       " 45  0.076  0.868  0.057   -0.7642  AaronPressman\n",
       " 46  0.091  0.826  0.083   -0.9023  AaronPressman\n",
       " 47  0.083  0.708  0.210    0.9976  AaronPressman\n",
       " 48  0.085  0.807  0.107    0.9153  AaronPressman\n",
       " 49  0.063  0.824  0.113    0.9741  AaronPressman,\n",
       " 'AlanCrosby':       neg    neu    pos  compound    document\n",
       " 0   0.067  0.815  0.118    0.9863  AlanCrosby\n",
       " 1   0.038  0.842  0.121    0.9976  AlanCrosby\n",
       " 2   0.087  0.750  0.163    0.9836  AlanCrosby\n",
       " 3   0.094  0.760  0.146    0.9787  AlanCrosby\n",
       " 4   0.037  0.839  0.123    0.9978  AlanCrosby\n",
       " 5   0.036  0.881  0.083    0.8968  AlanCrosby\n",
       " 6   0.048  0.861  0.091    0.9902  AlanCrosby\n",
       " 7   0.037  0.764  0.199    0.9925  AlanCrosby\n",
       " 8   0.118  0.772  0.110   -0.7089  AlanCrosby\n",
       " 9   0.089  0.823  0.088   -0.5561  AlanCrosby\n",
       " 10  0.097  0.830  0.072   -0.9007  AlanCrosby\n",
       " 11  0.078  0.872  0.050   -0.8922  AlanCrosby\n",
       " 12  0.113  0.803  0.084   -0.9307  AlanCrosby\n",
       " 13  0.086  0.772  0.142    0.9843  AlanCrosby\n",
       " 14  0.070  0.836  0.094    0.9146  AlanCrosby\n",
       " 15  0.047  0.837  0.117    0.9898  AlanCrosby\n",
       " 16  0.094  0.713  0.193    0.9958  AlanCrosby\n",
       " 17  0.055  0.806  0.139    0.9775  AlanCrosby\n",
       " 18  0.014  0.911  0.075    0.9530  AlanCrosby\n",
       " 19  0.015  0.909  0.076    0.9530  AlanCrosby\n",
       " 20  0.064  0.892  0.044   -0.7757  AlanCrosby\n",
       " 21  0.074  0.887  0.039   -0.8541  AlanCrosby\n",
       " 22  0.036  0.876  0.088    0.9284  AlanCrosby\n",
       " 23  0.060  0.810  0.130    0.9791  AlanCrosby\n",
       " 24  0.086  0.838  0.076   -0.6124  AlanCrosby\n",
       " 25  0.088  0.834  0.078   -0.6124  AlanCrosby\n",
       " 26  0.028  0.878  0.094    0.9678  AlanCrosby\n",
       " 27  0.012  0.902  0.086    0.9659  AlanCrosby\n",
       " 28  0.046  0.862  0.092    0.9434  AlanCrosby\n",
       " 29  0.069  0.832  0.100    0.9755  AlanCrosby\n",
       " 30  0.037  0.868  0.095    0.9497  AlanCrosby\n",
       " 31  0.037  0.870  0.093    0.9497  AlanCrosby\n",
       " 32  0.103  0.784  0.113    0.9380  AlanCrosby\n",
       " 33  0.113  0.802  0.084   -0.9086  AlanCrosby\n",
       " 34  0.056  0.826  0.119    0.9898  AlanCrosby\n",
       " 35  0.086  0.802  0.112    0.8591  AlanCrosby\n",
       " 36  0.038  0.834  0.128    0.9933  AlanCrosby\n",
       " 37  0.033  0.863  0.104    0.9859  AlanCrosby\n",
       " 38  0.067  0.808  0.125    0.9895  AlanCrosby\n",
       " 39  0.077  0.792  0.131    0.9871  AlanCrosby\n",
       " 40  0.083  0.743  0.173    0.9958  AlanCrosby\n",
       " 41  0.064  0.837  0.099    0.9648  AlanCrosby\n",
       " 42  0.045  0.834  0.121    0.9815  AlanCrosby\n",
       " 43  0.068  0.837  0.095    0.9488  AlanCrosby\n",
       " 44  0.069  0.835  0.096    0.9488  AlanCrosby\n",
       " 45  0.069  0.836  0.095    0.9488  AlanCrosby\n",
       " 46  0.045  0.874  0.082    0.9488  AlanCrosby\n",
       " 47  0.044  0.875  0.081    0.9465  AlanCrosby\n",
       " 48  0.089  0.842  0.069   -0.8599  AlanCrosby\n",
       " 49  0.087  0.839  0.074   -0.5891  AlanCrosby,\n",
       " 'AlexanderSmith':       neg    neu    pos  compound        document\n",
       " 0   0.011  0.827  0.162    0.9972  AlexanderSmith\n",
       " 1   0.005  0.818  0.177    0.9978  AlexanderSmith\n",
       " 2   0.095  0.840  0.066   -0.9614  AlexanderSmith\n",
       " 3   0.012  0.880  0.108    0.9945  AlexanderSmith\n",
       " 4   0.006  0.927  0.067    0.9648  AlexanderSmith\n",
       " 5   0.011  0.927  0.063    0.9712  AlexanderSmith\n",
       " 6   0.011  0.925  0.064    0.9836  AlexanderSmith\n",
       " 7   0.006  0.926  0.067    0.9648  AlexanderSmith\n",
       " 8   0.015  0.836  0.149    0.9978  AlexanderSmith\n",
       " 9   0.014  0.845  0.141    0.9974  AlexanderSmith\n",
       " 10  0.054  0.846  0.100    0.9944  AlexanderSmith\n",
       " 11  0.080  0.765  0.155    0.9909  AlexanderSmith\n",
       " 12  0.035  0.851  0.114    0.9921  AlexanderSmith\n",
       " 13  0.034  0.849  0.117    0.9954  AlexanderSmith\n",
       " 14  0.041  0.823  0.136    0.9917  AlexanderSmith\n",
       " 15  0.040  0.857  0.104    0.9881  AlexanderSmith\n",
       " 16  0.050  0.850  0.100    0.9416  AlexanderSmith\n",
       " 17  0.013  0.868  0.119    0.9948  AlexanderSmith\n",
       " 18  0.065  0.852  0.083    0.8974  AlexanderSmith\n",
       " 19  0.051  0.829  0.119    0.9871  AlexanderSmith\n",
       " 20  0.035  0.865  0.100    0.9736  AlexanderSmith\n",
       " 21  0.037  0.866  0.097    0.9710  AlexanderSmith\n",
       " 22  0.043  0.809  0.148    0.9956  AlexanderSmith\n",
       " 23  0.063  0.776  0.161    0.9962  AlexanderSmith\n",
       " 24  0.050  0.835  0.116    0.9895  AlexanderSmith\n",
       " 25  0.105  0.840  0.055   -0.9854  AlexanderSmith\n",
       " 26  0.052  0.819  0.129    0.9937  AlexanderSmith\n",
       " 27  0.060  0.798  0.141    0.9944  AlexanderSmith\n",
       " 28  0.052  0.819  0.129    0.9937  AlexanderSmith\n",
       " 29  0.066  0.819  0.116    0.9964  AlexanderSmith\n",
       " 30  0.018  0.794  0.188    0.9979  AlexanderSmith\n",
       " 31  0.028  0.804  0.168    0.9973  AlexanderSmith\n",
       " 32  0.051  0.899  0.051    0.2431  AlexanderSmith\n",
       " 33  0.012  0.932  0.056    0.9708  AlexanderSmith\n",
       " 34  0.060  0.810  0.129    0.9848  AlexanderSmith\n",
       " 35  0.032  0.814  0.154    0.9976  AlexanderSmith\n",
       " 36  0.025  0.816  0.159    0.9983  AlexanderSmith\n",
       " 37  0.097  0.771  0.132    0.9741  AlexanderSmith\n",
       " 38  0.081  0.862  0.057   -0.6412  AlexanderSmith\n",
       " 39  0.052  0.834  0.114    0.9845  AlexanderSmith\n",
       " 40  0.119  0.837  0.043   -0.9789  AlexanderSmith\n",
       " 41  0.015  0.897  0.088    0.9974  AlexanderSmith\n",
       " 42  0.073  0.829  0.098    0.9208  AlexanderSmith\n",
       " 43  0.043  0.807  0.149    0.9984  AlexanderSmith\n",
       " 44  0.017  0.867  0.115    0.9945  AlexanderSmith\n",
       " 45  0.054  0.839  0.107    0.9901  AlexanderSmith\n",
       " 46  0.037  0.859  0.104    0.9961  AlexanderSmith\n",
       " 47  0.039  0.851  0.110    0.9915  AlexanderSmith\n",
       " 48  0.050  0.854  0.095    0.9771  AlexanderSmith\n",
       " 49  0.031  0.870  0.098    0.9933  AlexanderSmith,\n",
       " 'BradDorfman':       neg    neu    pos  compound     document\n",
       " 0   0.041  0.772  0.187    0.9969  BradDorfman\n",
       " 1   0.041  0.805  0.155    0.9970  BradDorfman\n",
       " 2   0.083  0.863  0.054   -0.9606  BradDorfman\n",
       " 3   0.097  0.851  0.052   -0.9806  BradDorfman\n",
       " 4   0.009  0.886  0.105    0.9794  BradDorfman\n",
       " 5   0.015  0.877  0.108    0.9878  BradDorfman\n",
       " 6   0.023  0.813  0.164    0.9990  BradDorfman\n",
       " 7   0.042  0.853  0.104    0.9795  BradDorfman\n",
       " 8   0.046  0.915  0.039   -0.3810  BradDorfman\n",
       " 9   0.030  0.855  0.115    0.9863  BradDorfman\n",
       " 10  0.000  0.944  0.056    0.9587  BradDorfman\n",
       " 11  0.026  0.898  0.076    0.9589  BradDorfman\n",
       " 12  0.030  0.792  0.179    0.9970  BradDorfman\n",
       " 13  0.027  0.887  0.087    0.9848  BradDorfman\n",
       " 14  0.121  0.834  0.044   -0.9909  BradDorfman\n",
       " 15  0.137  0.811  0.051   -0.9912  BradDorfman\n",
       " 16  0.019  0.917  0.064    0.9568  BradDorfman\n",
       " 17  0.025  0.906  0.068    0.9821  BradDorfman\n",
       " 18  0.008  0.852  0.140    0.9983  BradDorfman\n",
       " 19  0.032  0.824  0.144    0.9974  BradDorfman\n",
       " 20  0.032  0.827  0.141    0.9974  BradDorfman\n",
       " 21  0.011  0.892  0.096    0.9756  BradDorfman\n",
       " 22  0.025  0.867  0.109    0.9910  BradDorfman\n",
       " 23  0.044  0.854  0.102    0.9892  BradDorfman\n",
       " 24  0.007  0.924  0.069    0.9700  BradDorfman\n",
       " 25  0.019  0.873  0.109    0.9882  BradDorfman\n",
       " 26  0.008  0.932  0.060    0.9467  BradDorfman\n",
       " 27  0.011  0.872  0.117    0.9962  BradDorfman\n",
       " 28  0.035  0.834  0.131    0.9954  BradDorfman\n",
       " 29  0.025  0.860  0.115    0.9968  BradDorfman\n",
       " 30  0.029  0.825  0.146    0.9932  BradDorfman\n",
       " 31  0.031  0.941  0.028   -0.0639  BradDorfman\n",
       " 32  0.005  0.890  0.105    0.9816  BradDorfman\n",
       " 33  0.029  0.924  0.047    0.8686  BradDorfman\n",
       " 34  0.076  0.829  0.094    0.8159  BradDorfman\n",
       " 35  0.031  0.926  0.043    0.0772  BradDorfman\n",
       " 36  0.044  0.838  0.117    0.9200  BradDorfman\n",
       " 37  0.007  0.824  0.169    0.9967  BradDorfman\n",
       " 38  0.025  0.840  0.136    0.9946  BradDorfman\n",
       " 39  0.023  0.821  0.156    0.9973  BradDorfman\n",
       " 40  0.011  0.861  0.128    0.9930  BradDorfman\n",
       " 41  0.026  0.823  0.151    0.9947  BradDorfman\n",
       " 42  0.011  0.915  0.074    0.9520  BradDorfman\n",
       " 43  0.017  0.830  0.153    0.9972  BradDorfman\n",
       " 44  0.041  0.829  0.130    0.9840  BradDorfman\n",
       " 45  0.069  0.858  0.073    0.1531  BradDorfman\n",
       " 46  0.078  0.831  0.091    0.7845  BradDorfman\n",
       " 47  0.099  0.840  0.061   -0.9689  BradDorfman\n",
       " 48  0.069  0.858  0.073    0.1531  BradDorfman\n",
       " 49  0.041  0.882  0.076    0.9455  BradDorfman,\n",
       " 'BernardHickey':       neg    neu    pos  compound       document\n",
       " 0   0.048  0.831  0.121    0.9858  BernardHickey\n",
       " 1   0.048  0.833  0.119    0.9939  BernardHickey\n",
       " 2   0.063  0.839  0.099    0.9593  BernardHickey\n",
       " 3   0.052  0.860  0.088    0.9742  BernardHickey\n",
       " 4   0.063  0.820  0.117    0.9798  BernardHickey\n",
       " 5   0.062  0.818  0.120    0.9854  BernardHickey\n",
       " 6   0.046  0.838  0.116    0.9924  BernardHickey\n",
       " 7   0.022  0.865  0.113    0.9919  BernardHickey\n",
       " 8   0.022  0.865  0.113    0.9919  BernardHickey\n",
       " 9   0.053  0.841  0.107    0.9872  BernardHickey\n",
       " 10  0.010  0.940  0.050    0.9142  BernardHickey\n",
       " 11  0.017  0.830  0.153    0.9717  BernardHickey\n",
       " 12  0.016  0.838  0.146    0.9973  BernardHickey\n",
       " 13  0.041  0.821  0.138    0.9959  BernardHickey\n",
       " 14  0.030  0.787  0.183    0.9961  BernardHickey\n",
       " 15  0.079  0.866  0.055   -0.9420  BernardHickey\n",
       " 16  0.034  0.850  0.116    0.9937  BernardHickey\n",
       " 17  0.072  0.874  0.054   -0.9150  BernardHickey\n",
       " 18  0.000  0.915  0.085    0.9705  BernardHickey\n",
       " 19  0.062  0.837  0.101    0.9763  BernardHickey\n",
       " 20  0.021  0.890  0.089    0.8885  BernardHickey\n",
       " 21  0.112  0.781  0.107   -0.6267  BernardHickey\n",
       " 22  0.072  0.779  0.149    0.9938  BernardHickey\n",
       " 23  0.089  0.793  0.118    0.9692  BernardHickey\n",
       " 24  0.039  0.866  0.095    0.9764  BernardHickey\n",
       " 25  0.091  0.765  0.144    0.8898  BernardHickey\n",
       " 26  0.006  0.932  0.063    0.9674  BernardHickey\n",
       " 27  0.017  0.843  0.140    0.9968  BernardHickey\n",
       " 28  0.023  0.853  0.124    0.9951  BernardHickey\n",
       " 29  0.023  0.853  0.124    0.9950  BernardHickey\n",
       " 30  0.069  0.834  0.098    0.9135  BernardHickey\n",
       " 31  0.066  0.919  0.015   -0.9584  BernardHickey\n",
       " 32  0.007  0.789  0.204    0.9977  BernardHickey\n",
       " 33  0.013  0.758  0.229    0.9985  BernardHickey\n",
       " 34  0.007  0.842  0.151    0.9971  BernardHickey\n",
       " 35  0.082  0.866  0.052   -0.9257  BernardHickey\n",
       " 36  0.003  0.930  0.067    0.9704  BernardHickey\n",
       " 37  0.008  0.858  0.134    0.9954  BernardHickey\n",
       " 38  0.053  0.804  0.144    0.9940  BernardHickey\n",
       " 39  0.000  0.946  0.054    0.9761  BernardHickey\n",
       " 40  0.004  0.842  0.154    0.9971  BernardHickey\n",
       " 41  0.000  0.945  0.055    0.9761  BernardHickey\n",
       " 42  0.053  0.801  0.146    0.9940  BernardHickey\n",
       " 43  0.017  0.846  0.137    0.9932  BernardHickey\n",
       " 44  0.037  0.820  0.143    0.9910  BernardHickey\n",
       " 45  0.029  0.899  0.073    0.9086  BernardHickey\n",
       " 46  0.041  0.864  0.096    0.9736  BernardHickey\n",
       " 47  0.025  0.781  0.194    0.9981  BernardHickey\n",
       " 48  0.045  0.773  0.182    0.9984  BernardHickey\n",
       " 49  0.028  0.760  0.212    0.9991  BernardHickey,\n",
       " 'DarrenSchuettler':       neg    neu    pos  compound          document\n",
       " 0   0.091  0.816  0.093    0.2204  DarrenSchuettler\n",
       " 1   0.028  0.804  0.168    0.9972  DarrenSchuettler\n",
       " 2   0.043  0.853  0.104    0.9954  DarrenSchuettler\n",
       " 3   0.032  0.811  0.157    0.9970  DarrenSchuettler\n",
       " 4   0.033  0.822  0.144    0.9974  DarrenSchuettler\n",
       " 5   0.044  0.856  0.100    0.9790  DarrenSchuettler\n",
       " 6   0.044  0.856  0.100    0.9790  DarrenSchuettler\n",
       " 7   0.086  0.877  0.037   -0.9533  DarrenSchuettler\n",
       " 8   0.158  0.795  0.047   -0.9983  DarrenSchuettler\n",
       " 9   0.149  0.822  0.029   -0.9976  DarrenSchuettler\n",
       " 10  0.155  0.821  0.024   -0.9965  DarrenSchuettler\n",
       " 11  0.161  0.816  0.024   -0.9967  DarrenSchuettler\n",
       " 12  0.047  0.897  0.057    0.5189  DarrenSchuettler\n",
       " 13  0.022  0.913  0.065    0.9270  DarrenSchuettler\n",
       " 14  0.097  0.784  0.119    0.8625  DarrenSchuettler\n",
       " 15  0.019  0.912  0.069    0.9522  DarrenSchuettler\n",
       " 16  0.037  0.885  0.079    0.9596  DarrenSchuettler\n",
       " 17  0.037  0.889  0.075    0.9529  DarrenSchuettler\n",
       " 18  0.034  0.835  0.131    0.9957  DarrenSchuettler\n",
       " 19  0.043  0.867  0.089    0.9855  DarrenSchuettler\n",
       " 20  0.037  0.854  0.108    0.9907  DarrenSchuettler\n",
       " 21  0.040  0.870  0.090    0.9873  DarrenSchuettler\n",
       " 22  0.025  0.851  0.123    0.9931  DarrenSchuettler\n",
       " 23  0.035  0.839  0.126    0.9875  DarrenSchuettler\n",
       " 24  0.049  0.810  0.141    0.9916  DarrenSchuettler\n",
       " 25  0.064  0.842  0.094    0.9648  DarrenSchuettler\n",
       " 26  0.042  0.868  0.090    0.8866  DarrenSchuettler\n",
       " 27  0.021  0.798  0.181    0.9984  DarrenSchuettler\n",
       " 28  0.015  0.869  0.116    0.9943  DarrenSchuettler\n",
       " 29  0.023  0.835  0.142    0.9953  DarrenSchuettler\n",
       " 30  0.037  0.810  0.153    0.9929  DarrenSchuettler\n",
       " 31  0.032  0.824  0.144    0.9966  DarrenSchuettler\n",
       " 32  0.020  0.816  0.164    0.9954  DarrenSchuettler\n",
       " 33  0.010  0.851  0.139    0.9950  DarrenSchuettler\n",
       " 34  0.089  0.766  0.145    0.9858  DarrenSchuettler\n",
       " 35  0.030  0.819  0.151    0.9962  DarrenSchuettler\n",
       " 36  0.030  0.822  0.148    0.9960  DarrenSchuettler\n",
       " 37  0.066  0.885  0.049   -0.7416  DarrenSchuettler\n",
       " 38  0.007  0.944  0.049    0.9152  DarrenSchuettler\n",
       " 39  0.085  0.871  0.044   -0.9548  DarrenSchuettler\n",
       " 40  0.033  0.871  0.096    0.9791  DarrenSchuettler\n",
       " 41  0.031  0.904  0.065    0.9027  DarrenSchuettler\n",
       " 42  0.039  0.815  0.146    0.9946  DarrenSchuettler\n",
       " 43  0.039  0.828  0.132    0.9981  DarrenSchuettler\n",
       " 44  0.030  0.867  0.103    0.9853  DarrenSchuettler\n",
       " 45  0.034  0.910  0.056    0.9533  DarrenSchuettler\n",
       " 46  0.045  0.868  0.088    0.9733  DarrenSchuettler\n",
       " 47  0.059  0.842  0.099    0.9725  DarrenSchuettler\n",
       " 48  0.079  0.842  0.079    0.5370  DarrenSchuettler\n",
       " 49  0.053  0.810  0.137    0.9920  DarrenSchuettler,\n",
       " 'DavidLawder':       neg    neu    pos  compound     document\n",
       " 0   0.033  0.805  0.161    0.9982  DavidLawder\n",
       " 1   0.065  0.762  0.173    0.9980  DavidLawder\n",
       " 2   0.073  0.843  0.084    0.5500  DavidLawder\n",
       " 3   0.032  0.805  0.164    0.9981  DavidLawder\n",
       " 4   0.007  0.929  0.064    0.9689  DavidLawder\n",
       " 5   0.084  0.815  0.101    0.8729  DavidLawder\n",
       " 6   0.007  0.942  0.051    0.9287  DavidLawder\n",
       " 7   0.094  0.822  0.084    0.2260  DavidLawder\n",
       " 8   0.094  0.822  0.084    0.2260  DavidLawder\n",
       " 9   0.013  0.908  0.079    0.9911  DavidLawder\n",
       " 10  0.040  0.898  0.062    0.9447  DavidLawder\n",
       " 11  0.000  0.935  0.065    0.9610  DavidLawder\n",
       " 12  0.093  0.822  0.085    0.1154  DavidLawder\n",
       " 13  0.000  0.935  0.065    0.9610  DavidLawder\n",
       " 14  0.067  0.828  0.105    0.9468  DavidLawder\n",
       " 15  0.043  0.866  0.091    0.9736  DavidLawder\n",
       " 16  0.056  0.895  0.049   -0.8827  DavidLawder\n",
       " 17  0.037  0.898  0.065    0.9504  DavidLawder\n",
       " 18  0.037  0.898  0.065    0.9504  DavidLawder\n",
       " 19  0.056  0.895  0.049   -0.8827  DavidLawder\n",
       " 20  0.038  0.888  0.074    0.9832  DavidLawder\n",
       " 21  0.059  0.892  0.049   -0.1398  DavidLawder\n",
       " 22  0.052  0.882  0.066    0.9239  DavidLawder\n",
       " 23  0.041  0.859  0.100    0.9836  DavidLawder\n",
       " 24  0.055  0.875  0.070    0.8768  DavidLawder\n",
       " 25  0.039  0.881  0.080    0.9786  DavidLawder\n",
       " 26  0.041  0.859  0.100    0.9836  DavidLawder\n",
       " 27  0.100  0.847  0.053   -0.9670  DavidLawder\n",
       " 28  0.097  0.816  0.087    0.0775  DavidLawder\n",
       " 29  0.090  0.839  0.071   -0.8150  DavidLawder\n",
       " 30  0.119  0.791  0.090   -0.9346  DavidLawder\n",
       " 31  0.020  0.905  0.075    0.9932  DavidLawder\n",
       " 32  0.071  0.856  0.072    0.2148  DavidLawder\n",
       " 33  0.065  0.861  0.075    0.8718  DavidLawder\n",
       " 34  0.095  0.841  0.064   -0.9615  DavidLawder\n",
       " 35  0.074  0.876  0.050   -0.9293  DavidLawder\n",
       " 36  0.039  0.771  0.190    0.9956  DavidLawder\n",
       " 37  0.060  0.851  0.089    0.9676  DavidLawder\n",
       " 38  0.043  0.911  0.046    0.2028  DavidLawder\n",
       " 39  0.055  0.897  0.048   -0.2378  DavidLawder\n",
       " 40  0.052  0.855  0.093    0.9689  DavidLawder\n",
       " 41  0.087  0.778  0.135    0.9931  DavidLawder\n",
       " 42  0.054  0.889  0.057    0.4151  DavidLawder\n",
       " 43  0.086  0.859  0.055   -0.9509  DavidLawder\n",
       " 44  0.066  0.793  0.140    0.9964  DavidLawder\n",
       " 45  0.064  0.836  0.099    0.9881  DavidLawder\n",
       " 46  0.048  0.839  0.113    0.9929  DavidLawder\n",
       " 47  0.058  0.823  0.120    0.9961  DavidLawder\n",
       " 48  0.055  0.885  0.060    0.8263  DavidLawder\n",
       " 49  0.038  0.846  0.116    0.9966  DavidLawder,\n",
       " 'EdnaFernandes':       neg    neu    pos  compound       document\n",
       " 0   0.102  0.795  0.102    0.2248  EdnaFernandes\n",
       " 1   0.085  0.795  0.120    0.9772  EdnaFernandes\n",
       " 2   0.051  0.855  0.093    0.9570  EdnaFernandes\n",
       " 3   0.074  0.821  0.105    0.8732  EdnaFernandes\n",
       " 4   0.065  0.846  0.090    0.9064  EdnaFernandes\n",
       " 5   0.038  0.815  0.147    0.9952  EdnaFernandes\n",
       " 6   0.069  0.815  0.116    0.9672  EdnaFernandes\n",
       " 7   0.015  0.951  0.033    0.6956  EdnaFernandes\n",
       " 8   0.014  0.918  0.068    0.9643  EdnaFernandes\n",
       " 9   0.089  0.807  0.104    0.8202  EdnaFernandes\n",
       " 10  0.020  0.931  0.049    0.6008  EdnaFernandes\n",
       " 11  0.053  0.878  0.069    0.7128  EdnaFernandes\n",
       " 12  0.112  0.761  0.126    0.8426  EdnaFernandes\n",
       " 13  0.013  0.967  0.020    0.1779  EdnaFernandes\n",
       " 14  0.034  0.916  0.050    0.1893  EdnaFernandes\n",
       " 15  0.064  0.859  0.077    0.6779  EdnaFernandes\n",
       " 16  0.076  0.807  0.117    0.9437  EdnaFernandes\n",
       " 17  0.139  0.795  0.066   -0.9944  EdnaFernandes\n",
       " 18  0.052  0.902  0.046    0.1390  EdnaFernandes\n",
       " 19  0.073  0.826  0.101    0.6108  EdnaFernandes\n",
       " 20  0.051  0.855  0.094    0.9764  EdnaFernandes\n",
       " 21  0.051  0.855  0.094    0.9764  EdnaFernandes\n",
       " 22  0.139  0.798  0.062   -0.9951  EdnaFernandes\n",
       " 23  0.101  0.786  0.113   -0.2023  EdnaFernandes\n",
       " 24  0.036  0.829  0.135    0.9976  EdnaFernandes\n",
       " 25  0.068  0.882  0.049   -0.8171  EdnaFernandes\n",
       " 26  0.047  0.917  0.036   -0.3716  EdnaFernandes\n",
       " 27  0.062  0.847  0.092    0.9384  EdnaFernandes\n",
       " 28  0.155  0.774  0.071   -0.9953  EdnaFernandes\n",
       " 29  0.138  0.781  0.080   -0.9889  EdnaFernandes\n",
       " 30  0.072  0.871  0.057   -0.7572  EdnaFernandes\n",
       " 31  0.114  0.781  0.105   -0.7662  EdnaFernandes\n",
       " 32  0.119  0.790  0.091   -0.9289  EdnaFernandes\n",
       " 33  0.014  0.897  0.090    0.9616  EdnaFernandes\n",
       " 34  0.053  0.872  0.075    0.9281  EdnaFernandes\n",
       " 35  0.046  0.849  0.105    0.9638  EdnaFernandes\n",
       " 36  0.052  0.762  0.186    0.9919  EdnaFernandes\n",
       " 37  0.164  0.819  0.017   -0.9976  EdnaFernandes\n",
       " 38  0.067  0.822  0.111    0.9657  EdnaFernandes\n",
       " 39  0.066  0.827  0.106    0.9638  EdnaFernandes\n",
       " 40  0.000  0.835  0.165    0.9974  EdnaFernandes\n",
       " 41  0.000  0.829  0.171    0.9972  EdnaFernandes\n",
       " 42  0.066  0.871  0.064    0.0253  EdnaFernandes\n",
       " 43  0.000  0.874  0.126    0.8555  EdnaFernandes\n",
       " 44  0.008  0.960  0.033    0.7935  EdnaFernandes\n",
       " 45  0.031  0.947  0.023   -0.7574  EdnaFernandes\n",
       " 46  0.000  0.944  0.056    0.9121  EdnaFernandes\n",
       " 47  0.016  0.959  0.025    0.3400  EdnaFernandes\n",
       " 48  0.013  0.936  0.050    0.8885  EdnaFernandes\n",
       " 49  0.027  0.904  0.069    0.9756  EdnaFernandes,\n",
       " 'EricAuchard':       neg    neu    pos  compound     document\n",
       " 0   0.030  0.891  0.079    0.9725  EricAuchard\n",
       " 1   0.000  0.839  0.161    0.9186  EricAuchard\n",
       " 2   0.031  0.851  0.118    0.9936  EricAuchard\n",
       " 3   0.011  0.912  0.078    0.9902  EricAuchard\n",
       " 4   0.030  0.843  0.127    0.9976  EricAuchard\n",
       " 5   0.020  0.841  0.139    0.9957  EricAuchard\n",
       " 6   0.031  0.928  0.041    0.2023  EricAuchard\n",
       " 7   0.020  0.926  0.054    0.9520  EricAuchard\n",
       " 8   0.020  0.841  0.139    0.9957  EricAuchard\n",
       " 9   0.010  0.938  0.052    0.9776  EricAuchard\n",
       " 10  0.014  0.927  0.060    0.9832  EricAuchard\n",
       " 11  0.000  0.916  0.084    0.9889  EricAuchard\n",
       " 12  0.087  0.806  0.107    0.8225  EricAuchard\n",
       " 13  0.007  0.932  0.062    0.9880  EricAuchard\n",
       " 14  0.000  0.922  0.078    0.9910  EricAuchard\n",
       " 15  0.043  0.860  0.097    0.9900  EricAuchard\n",
       " 16  0.009  0.910  0.081    0.9948  EricAuchard\n",
       " 17  0.032  0.869  0.099    0.9871  EricAuchard\n",
       " 18  0.024  0.889  0.087    0.9928  EricAuchard\n",
       " 19  0.014  0.911  0.075    0.9908  EricAuchard\n",
       " 20  0.042  0.881  0.076    0.9299  EricAuchard\n",
       " 21  0.029  0.850  0.122    0.9958  EricAuchard\n",
       " 22  0.030  0.845  0.125    0.9953  EricAuchard\n",
       " 23  0.048  0.897  0.055    0.6830  EricAuchard\n",
       " 24  0.018  0.922  0.059    0.9535  EricAuchard\n",
       " 25  0.018  0.923  0.059    0.9535  EricAuchard\n",
       " 26  0.130  0.793  0.076   -0.9874  EricAuchard\n",
       " 27  0.029  0.854  0.117    0.7184  EricAuchard\n",
       " 28  0.018  0.884  0.098    0.9757  EricAuchard\n",
       " 29  0.014  0.903  0.083    0.9920  EricAuchard\n",
       " 30  0.015  0.890  0.095    0.9903  EricAuchard\n",
       " 31  0.122  0.760  0.118   -0.5228  EricAuchard\n",
       " 32  0.032  0.830  0.138    0.9953  EricAuchard\n",
       " 33  0.031  0.921  0.048    0.8500  EricAuchard\n",
       " 34  0.046  0.862  0.092    0.9826  EricAuchard\n",
       " 35  0.043  0.877  0.080    0.9567  EricAuchard\n",
       " 36  0.026  0.892  0.082    0.9807  EricAuchard\n",
       " 37  0.063  0.859  0.079    0.9398  EricAuchard\n",
       " 38  0.068  0.793  0.139    0.9472  EricAuchard\n",
       " 39  0.025  0.889  0.086    0.9796  EricAuchard\n",
       " 40  0.021  0.895  0.084    0.9312  EricAuchard\n",
       " 41  0.074  0.847  0.079    0.8093  EricAuchard\n",
       " 42  0.051  0.881  0.069    0.8792  EricAuchard\n",
       " 43  0.036  0.859  0.106    0.9865  EricAuchard\n",
       " 44  0.000  0.885  0.115    0.9895  EricAuchard\n",
       " 45  0.000  0.816  0.184    0.9980  EricAuchard\n",
       " 46  0.034  0.844  0.122    0.9841  EricAuchard\n",
       " 47  0.023  0.850  0.127    0.9897  EricAuchard\n",
       " 48  0.068  0.899  0.033   -0.8946  EricAuchard\n",
       " 49  0.063  0.870  0.067    0.6690  EricAuchard,\n",
       " 'FumikoFujisaki':       neg    neu    pos  compound        document\n",
       " 0   0.039  0.814  0.148    0.9960  FumikoFujisaki\n",
       " 1   0.051  0.820  0.129    0.9935  FumikoFujisaki\n",
       " 2   0.116  0.766  0.118   -0.4334  FumikoFujisaki\n",
       " 3   0.030  0.886  0.084    0.9746  FumikoFujisaki\n",
       " 4   0.053  0.858  0.090    0.9402  FumikoFujisaki\n",
       " 5   0.000  0.931  0.069    0.9780  FumikoFujisaki\n",
       " 6   0.069  0.718  0.213    0.9986  FumikoFujisaki\n",
       " 7   0.054  0.728  0.218    0.9984  FumikoFujisaki\n",
       " 8   0.028  0.921  0.051    0.8074  FumikoFujisaki\n",
       " 9   0.054  0.868  0.078    0.9224  FumikoFujisaki\n",
       " 10  0.034  0.812  0.155    0.9963  FumikoFujisaki\n",
       " 11  0.054  0.868  0.078    0.9224  FumikoFujisaki\n",
       " 12  0.148  0.804  0.049   -0.9943  FumikoFujisaki\n",
       " 13  0.170  0.763  0.068   -0.9982  FumikoFujisaki\n",
       " 14  0.165  0.769  0.065   -0.9944  FumikoFujisaki\n",
       " 15  0.145  0.779  0.076   -0.9934  FumikoFujisaki\n",
       " 16  0.083  0.863  0.054   -0.9778  FumikoFujisaki\n",
       " 17  0.119  0.847  0.035   -0.9879  FumikoFujisaki\n",
       " 18  0.034  0.870  0.096    0.9842  FumikoFujisaki\n",
       " 19  0.075  0.848  0.077   -0.1577  FumikoFujisaki\n",
       " 20  0.027  0.878  0.095    0.9726  FumikoFujisaki\n",
       " 21  0.059  0.845  0.096    0.9759  FumikoFujisaki\n",
       " 22  0.069  0.837  0.094    0.8354  FumikoFujisaki\n",
       " 23  0.078  0.833  0.089    0.8858  FumikoFujisaki\n",
       " 24  0.111  0.756  0.133    0.9575  FumikoFujisaki\n",
       " 25  0.113  0.792  0.095   -0.7269  FumikoFujisaki\n",
       " 26  0.065  0.881  0.054   -0.9001  FumikoFujisaki\n",
       " 27  0.097  0.792  0.111    0.5670  FumikoFujisaki\n",
       " 28  0.031  0.857  0.112    0.9950  FumikoFujisaki\n",
       " 29  0.142  0.768  0.090   -0.9906  FumikoFujisaki\n",
       " 30  0.170  0.681  0.149   -0.9443  FumikoFujisaki\n",
       " 31  0.111  0.802  0.087   -0.9629  FumikoFujisaki\n",
       " 32  0.110  0.801  0.090   -0.9529  FumikoFujisaki\n",
       " 33  0.115  0.796  0.089   -0.9671  FumikoFujisaki\n",
       " 34  0.044  0.813  0.143    0.9866  FumikoFujisaki\n",
       " 35  0.084  0.791  0.125    0.9766  FumikoFujisaki\n",
       " 36  0.036  0.850  0.113    0.9886  FumikoFujisaki\n",
       " 37  0.173  0.761  0.067   -0.9966  FumikoFujisaki\n",
       " 38  0.108  0.794  0.098   -0.7929  FumikoFujisaki\n",
       " 39  0.131  0.766  0.104   -0.9836  FumikoFujisaki\n",
       " 40  0.077  0.798  0.125    0.9813  FumikoFujisaki\n",
       " 41  0.049  0.846  0.105    0.9839  FumikoFujisaki\n",
       " 42  0.050  0.893  0.057    0.4083  FumikoFujisaki\n",
       " 43  0.071  0.816  0.114    0.9750  FumikoFujisaki\n",
       " 44  0.094  0.796  0.110    0.8013  FumikoFujisaki\n",
       " 45  0.119  0.749  0.132    0.8934  FumikoFujisaki\n",
       " 46  0.126  0.754  0.120   -0.8791  FumikoFujisaki\n",
       " 47  0.096  0.810  0.094    0.5654  FumikoFujisaki\n",
       " 48  0.134  0.760  0.105   -0.9712  FumikoFujisaki\n",
       " 49  0.068  0.812  0.120    0.9595  FumikoFujisaki,\n",
       " 'GrahamEarnshaw':       neg    neu    pos  compound        document\n",
       " 0   0.052  0.912  0.036   -0.8338  GrahamEarnshaw\n",
       " 1   0.028  0.841  0.131    0.9928  GrahamEarnshaw\n",
       " 2   0.032  0.838  0.130    0.9887  GrahamEarnshaw\n",
       " 3   0.103  0.739  0.158    0.9778  GrahamEarnshaw\n",
